1
122 0
20 1 3 3 3 3 5 6 6 7 8 9 11 16 18 19 19 44 21 22 23 23 23 24 25 25 26 27 28 28 30 30 31 32 32 33 34 34 36 36 38 38 38 39 42 42 43 46 44 45 46 48 48 48 62 51 51 51 52 53 54 55 57 58 59 60 61 114 63 63 63 63 64 64 66 66 66 71 71 71 71 72 73 73 76 76 76 77 78 78 79 82 82 86 87 89 90 91 93 94 94 94 95 98 100 101 103 104 105 105 107 109 109 110 111 111 112 113 113 153 117 119

// output : 7
// 1 18 48 55 68 120
// 1 21 44 51 63 117


2
3 0
1 1 0
4 1
1 2 2 1

// output : -1 -1

1
6 1
1 3 3 3 4 3
// output : 2

1
22 2
7 7 10 8 14 10 42 18 21 23 28 29 33 35 38 39 41 42 43 225 50 50

// output : 6
// 8 10 18 50


1
55 242
495 413 393 169 370 247 206 37 54 382 11 397 196 311 383 237 29 298 87 67 250 20 26 129 444 475 338 218 473 143 40 486 355 109 279 409 85 184 47 477 162 305 299 345 389 217 429 403 289 113 49 238 43 206 301

// output : -1
