5 3
1000000000 1000000000 1000000000 1000000000 1000000000
8
1 2 1000000000
2 3 1000000000
3 4 1000000000
3 5 1000000000
4 3 1000000000
4 5 1000000000
5 3 1000000000
5 4 1000000000

// 3000000000


5 4
1000000000 1000000000 1000000000 1000000000 1000000000
8
1 2 1000000000
2 3 1000000000
3 4 1000000000
3 5 1000000000
4 3 1000000000
4 5 1000000000
5 3 1000000000
5 4 1000000000

// 3000000000




5 5
1000000000 1000000000 1000000000 1000000000 1000000000
8
1 2 1000000000
2 3 1000000000
3 4 1000000000
3 5 1000000000
4 3 1000000000
4 5 1000000000
5 3 1000000000
5 4 1000000000

// 3000000000


5 3
2 1 5 6 3
0

// 3


5 3
2 1 5 6 3
3
3 4 3
4 3 2
4 2 3

// 4


5 2
2 2 5 6 3
2
2 2 3
2 5 1

// 4
// 2 5 5 6 4

5 3
2 2 5 6 3
2
2 2 3
2 5 1

// 5


5 2
2 2 5 6 3
2
2 2 2
2 5 1

// 2 (X)
// 4 (O)
// 2 4 5 6 4

5 3
2 2 6 7 5
2
2 2 2
2 5 1

// 5


5 3
1 2 2 4 1
1
3 5 4

// 1 2 2 4 5
// 2

5 3
1 2 2 4 1
10
1 2 1
1 3 2
1 4 3
1 5 4
2 3 1
2 4 2
2 5 3
3 4 1
3 5 2
4 5 3

// 2

5 4
1 2 3 4 1
11
1 2 1
1 3 2
1 4 3
1 5 4
2 3 1
2 4 2
2 5 3
3 4 1
3 5 2
4 5 3
5 4 2

// 4


7 7
1 2 3 4 5 7 9
4
1 4 1
2 4 1
3 4 1
6 4 3

// 1 2 3 10             5 6 7
// 1/2 3 (9,10)         5 6 7
// 1 2/3 (7,9,10)       5 6 7
// 1 2 3/(7,9,10)       5 6 7
// 1 2 3 (7,9,10)/      5 6 7
// 1 2 3 (7,8,9,10)     5/7 9
// 1 2 3 (7,8,9,10)     5 7/9



// 3 > 3
// 4 > 5
// 5 > 6
// 6 > 6
// 7 > 7


3 2
1 4 3
3
2 1 1
3 2 2
1 3 1

// 4
2 6 4


5 5
2 1 5 6 3
0

